_viz_0 = nengo_gui.components.HTMLView(input_node)
_viz_config[_viz_0].x = -0.026115435520258357
_viz_config[_viz_0].y = 0.38760076625076223
_viz_config[_viz_0].width = 0.07432540067151185
_viz_config[_viz_0].height = 0.1872766001171952
_viz_config[_viz_0].label_visible = False
_viz_2 = nengo_gui.components.Value(prediction_node)
_viz_config[_viz_2].max_value = 10
_viz_config[_viz_2].min_value = 0
_viz_config[_viz_2].show_legend = False
_viz_config[_viz_2].legend_labels = ['label_0']
_viz_config[_viz_2].synapse = 0.01
_viz_config[_viz_2].x = 0.5355382671935938
_viz_config[_viz_2].y = 0.3908981112943849
_viz_config[_viz_2].width = 0.07432540067151185
_viz_config[_viz_2].height = 0.1872766001171952
_viz_config[_viz_2].label_visible = True
_viz_net_graph = nengo_gui.components.NetGraph()
_viz_progress = nengo_gui.components.Progress()
_viz_config[_viz_progress].x = 0
_viz_config[_viz_progress].y = 0
_viz_config[_viz_progress].width = 100
_viz_config[_viz_progress].height = 100
_viz_config[_viz_progress].label_visible = True
_viz_sim_control = nengo_gui.components.SimControl()
_viz_config[_viz_sim_control].shown_time = 0.5
_viz_config[_viz_sim_control].kept_time = 4.0
_viz_config[bias_node].pos=(0.19559430549822462, 0.22323229960575003)
_viz_config[bias_node].size=(0.013188581557152678, 0.026845637583892617)
_viz_config[input_node].pos=(-0.02455489706843184, 0.08570976905263525)
_viz_config[input_node].size=(0.014246461202443168, 0.038038194551732414)
_viz_config[label_node].pos=(-0.030954965812221253, 0.2875579688094067)
_viz_config[label_node].size=(0.012914634365121552, 0.03020340467424457)
_viz_config[model].pos=(0.27792969455414035, 0.3234375278155159)
_viz_config[model].size=(0.8371065808485764, 0.8371065808485764)
_viz_config[model].expanded=True
_viz_config[model].has_layout=True
_viz_config[model.networks[0]].pos=(0.1155715920462762, 0.5181365584542866)
_viz_config[model.networks[0]].size=(0.007998967548335295, 0.13422818791946306)
_viz_config[model.networks[0]].expanded=False
_viz_config[model.networks[0]].has_layout=False
_viz_config[model.networks[1]].pos=(0.19657296940080024, 0.5160836623736004)
_viz_config[model.networks[1]].size=(0.006778859425556525, 0.1342281879194631)
_viz_config[model.networks[1]].expanded=False
_viz_config[model.networks[1]].has_layout=False
_viz_config[output_node].pos=(0.33953260250817324, 0.3935307532769089)
_viz_config[output_node].size=(0.06557377049180327, 0.026845637583892617)
_viz_config[prediction_node].pos=(0.4186704270913316, 0.39218262706450124)
_viz_config[prediction_node].size=(0.011412812440723927, 0.023487870493540678)